	Chord length [m]	FS velocity [m/s]	SSD thickness [m]	Sound pressure [dB]
0	0.3048	71.3	0.00266337	126.20100000000001
1	0.3048	71.3	0.00266337	125.20100000000001
2	0.3048	71.3	0.00266337	125.95100000000001
3	0.3048	71.3	0.00266337	127.59100000000001
4	0.3048	71.3	0.00266337	127.461
5	0.3048	71.3	0.00266337	125.571
6	0.3048	71.3	0.00266337	125.20100000000001
7	0.3048	71.3	0.00266337	123.061
8	0.3048	71.3	0.00266337	121.301
9	0.3048	71.3	0.00266337	119.541
10	0.3048	71.3	0.00266337	117.15100000000001
11	0.3048	71.3	0.00266337	115.391
12	0.3048	71.3	0.00266337	112.241
13	0.3048	71.3	0.00266337	108.721
14	0.3048	55.5	0.00283081	126.416
15	0.3048	55.5	0.00283081	127.696
16	0.3048	55.5	0.00283081	128.086
17	0.3048	55.5	0.00283081	126.96600000000001
18	0.3048	55.5	0.00283081	126.086
19	0.3048	55.5	0.00283081	126.986
20	0.3048	55.5	0.00283081	126.616
21	0.3048	55.5	0.00283081	124.10600000000001
22	0.3048	55.5	0.00283081	123.236
23	0.3048	55.5	0.00283081	121.10600000000001
24	0.3048	55.5	0.00283081	119.60600000000001
25	0.3048	55.5	0.00283081	117.976
26	0.3048	55.5	0.00283081	116.476
27	0.3048	55.5	0.00283081	113.07600000000001
28	0.3048	55.5	0.00283081	111.07600000000001
29	0.3048	39.6	0.00310138	118.12899999999999
30	0.3048	39.6	0.00310138	119.319
31	0.3048	39.6	0.00310138	122.779
32	0.3048	39.6	0.00310138	124.809
33	0.3048	39.6	0.00310138	126.959
34	0.3048	39.6	0.00310138	128.629
35	0.3048	39.6	0.00310138	129.099
36	0.3048	39.6	0.00310138	127.899
37	0.3048	39.6	0.00310138	125.499
38	0.3048	39.6	0.00310138	124.04899999999999
39	0.3048	39.6	0.00310138	123.689
40	0.3048	39.6	0.00310138	121.399
41	0.3048	39.6	0.00310138	120.319
42	0.3048	39.6	0.00310138	119.229
43	0.3048	39.6	0.00310138	117.789
44	0.3048	39.6	0.00310138	116.229
45	0.3048	39.6	0.00310138	114.779
46	0.3048	39.6	0.00310138	112.139
47	0.3048	39.6	0.00310138	109.619
48	0.3048	31.7	0.00331266	117.195
49	0.3048	31.7	0.00331266	118.595
50	0.3048	31.7	0.00331266	122.765
51	0.3048	31.7	0.00331266	125.045
52	0.3048	31.7	0.00331266	127.315
53	0.3048	31.7	0.00331266	129.095
54	0.3048	31.7	0.00331266	129.235
55	0.3048	31.7	0.00331266	127.365
56	0.3048	31.7	0.00331266	124.355
57	0.3048	31.7	0.00331266	122.365
58	0.3048	31.7	0.00331266	122.375
59	0.3048	31.7	0.00331266	120.755
60	0.3048	31.7	0.00331266	119.135
61	0.3048	31.7	0.00331266	118.145
62	0.3048	31.7	0.00331266	115.645
63	0.3048	31.7	0.00331266	113.775
64	0.3048	31.7	0.00331266	110.515
65	0.3048	31.7	0.00331266	108.265
66	0.3048	71.3	0.00336729	127.12200000000001
67	0.3048	71.3	0.00336729	125.992
68	0.3048	71.3	0.00336729	125.87200000000001
69	0.3048	71.3	0.00336729	126.632
70	0.3048	71.3	0.00336729	126.64200000000001
71	0.3048	71.3	0.00336729	124.512
72	0.3048	71.3	0.00336729	123.39200000000001
73	0.3048	71.3	0.00336729	121.762
74	0.3048	71.3	0.00336729	119.632
75	0.3048	71.3	0.00336729	118.12200000000001
76	0.3048	71.3	0.00336729	115.37200000000001
77	0.3048	71.3	0.00336729	113.492
78	0.3048	71.3	0.00336729	109.22200000000001
79	0.3048	71.3	0.00336729	106.58200000000001
80	0.3048	39.6	0.00392107	121.851
81	0.3048	39.6	0.00392107	124.001
82	0.3048	39.6	0.00392107	126.661
83	0.3048	39.6	0.00392107	128.311
84	0.3048	39.6	0.00392107	128.83100000000002
85	0.3048	39.6	0.00392107	127.581
86	0.3048	39.6	0.00392107	125.211
87	0.3048	39.6	0.00392107	122.211
88	0.3048	39.6	0.00392107	122.101
89	0.3048	39.6	0.00392107	120.98100000000001
90	0.3048	39.6	0.00392107	119.111
91	0.3048	39.6	0.00392107	117.741
92	0.3048	39.6	0.00392107	116.241
93	0.3048	39.6	0.00392107	114.751
94	0.3048	39.6	0.00392107	112.251
95	0.3048	39.6	0.00392107	108.991
96	0.3048	39.6	0.00392107	106.111
97	0.3048	71.3	0.00425727	127.564
98	0.3048	71.3	0.00425727	128.454
99	0.3048	71.3	0.00425727	129.35399999999998
100	0.3048	71.3	0.00425727	129.494
101	0.3048	71.3	0.00425727	129.004
102	0.3048	71.3	0.00425727	127.634
103	0.3048	71.3	0.00425727	126.514
104	0.3048	71.3	0.00425727	125.524
105	0.3048	71.3	0.00425727	124.024
106	0.3048	71.3	0.00425727	121.514
107	0.3048	71.3	0.00425727	120.264
108	0.3048	71.3	0.00425727	118.134
109	0.3048	71.3	0.00425727	116.134
110	0.3048	71.3	0.00425727	114.634
111	0.3048	71.3	0.00425727	110.22399999999999
112	0.3048	55.5	0.00452492	126.15899999999999
113	0.3048	55.5	0.00452492	128.179
114	0.3048	55.5	0.00452492	129.569
115	0.3048	55.5	0.00452492	129.94899999999998
116	0.3048	55.5	0.00452492	129.329
117	0.3048	55.5	0.00452492	127.329
118	0.3048	55.5	0.00452492	124.439
119	0.3048	55.5	0.00452492	123.069
120	0.3048	55.5	0.00452492	122.439
121	0.3048	55.5	0.00452492	120.189
122	0.3048	55.5	0.00452492	118.689
123	0.3048	55.5	0.00452492	117.309
124	0.3048	55.5	0.00452492	115.679
125	0.3048	55.5	0.00452492	113.79899999999999
126	0.3048	55.5	0.00452492	112.169
127	0.3048	39.6	0.00495741	123.31200000000001
128	0.3048	39.6	0.00495741	125.47200000000001
129	0.3048	39.6	0.00495741	127.632
130	0.3048	39.6	0.00495741	129.292
131	0.3048	39.6	0.00495741	129.55200000000002
132	0.3048	39.6	0.00495741	128.312
133	0.3048	39.6	0.00495741	125.802
134	0.3048	39.6	0.00495741	122.78200000000001
135	0.3048	39.6	0.00495741	120.53200000000001
136	0.3048	39.6	0.00495741	120.162
137	0.3048	39.6	0.00495741	118.92200000000001
138	0.3048	39.6	0.00495741	116.792
139	0.3048	39.6	0.00495741	115.792
140	0.3048	39.6	0.00495741	114.042
141	0.3048	39.6	0.00495741	110.652
142	0.3048	31.7	0.00529514	123.118
143	0.3048	31.7	0.00529514	125.398
144	0.3048	31.7	0.00529514	127.54799999999999
145	0.3048	31.7	0.00529514	128.69799999999998
146	0.3048	31.7	0.00529514	128.708
147	0.3048	31.7	0.00529514	126.838
148	0.3048	31.7	0.00529514	124.838
149	0.3048	31.7	0.00529514	122.088
150	0.3048	31.7	0.00529514	120.088
151	0.3048	31.7	0.00529514	119.598
152	0.3048	31.7	0.00529514	118.10799999999999
153	0.3048	31.7	0.00529514	115.60799999999999
154	0.3048	31.7	0.00529514	113.85799999999999
155	0.3048	31.7	0.00529514	109.71799999999999
156	0.3048	71.3	0.00497773	126.395
157	0.3048	71.3	0.00497773	128.175
158	0.3048	71.3	0.00497773	129.575
159	0.3048	71.3	0.00497773	130.715
160	0.3048	71.3	0.00497773	131.615
161	0.3048	71.3	0.00497773	131.755
162	0.3048	71.3	0.00497773	131.015
163	0.3048	71.3	0.00497773	129.395
164	0.3048	71.3	0.00497773	126.645
165	0.3048	71.3	0.00497773	124.395
166	0.3048	71.3	0.00497773	123.775
167	0.3048	71.3	0.00497773	121.775
168	0.3048	71.3	0.00497773	119.535
169	0.3048	71.3	0.00497773	117.785
170	0.3048	71.3	0.00497773	116.165
171	0.3048	71.3	0.00497773	113.665
172	0.3048	71.3	0.00497773	110.905
173	0.3048	71.3	0.00497773	107.405
174	0.3048	39.6	0.00579636	123.54299999999999
175	0.3048	39.6	0.00579636	126.84299999999999
176	0.3048	39.6	0.00579636	128.63299999999998
177	0.3048	39.6	0.00579636	130.173
178	0.3048	39.6	0.00579636	131.07299999999998
179	0.3048	39.6	0.00579636	130.72299999999998
180	0.3048	39.6	0.00579636	128.72299999999998
181	0.3048	39.6	0.00579636	126.34299999999999
182	0.3048	39.6	0.00579636	123.213
183	0.3048	39.6	0.00579636	120.963
184	0.3048	39.6	0.00579636	120.23299999999999
185	0.3048	39.6	0.00579636	118.743
186	0.3048	39.6	0.00579636	115.863
187	0.3048	39.6	0.00579636	113.73299999999999
188	0.2286	71.3	0.00214345	128.144
189	0.2286	71.3	0.00214345	129.134
190	0.2286	71.3	0.00214345	128.244
191	0.2286	71.3	0.00214345	128.35399999999998
192	0.2286	71.3	0.00214345	127.834
193	0.2286	71.3	0.00214345	125.824
194	0.2286	71.3	0.00214345	124.304
195	0.2286	71.3	0.00214345	122.044
196	0.2286	71.3	0.00214345	118.024
197	0.2286	71.3	0.00214345	118.134
198	0.2286	71.3	0.00214345	117.624
199	0.2286	71.3	0.00214345	114.984
200	0.2286	71.3	0.00214345	114.47399999999999
201	0.2286	55.5	0.00229336	119.54
202	0.2286	55.5	0.00229336	121.66
203	0.2286	55.5	0.00229336	123.78
204	0.2286	55.5	0.00229336	126.16
205	0.2286	55.5	0.00229336	127.53
206	0.2286	55.5	0.00229336	128.29
207	0.2286	55.5	0.00229336	127.91
208	0.2286	55.5	0.00229336	126.79
209	0.2286	55.5	0.00229336	126.54
210	0.2286	55.5	0.00229336	126.54
211	0.2286	55.5	0.00229336	125.16
212	0.2286	55.5	0.00229336	123.41
213	0.2286	55.5	0.00229336	122.41
214	0.2286	55.5	0.00229336	118.41
215	0.2286	39.6	0.00253511	121.055
216	0.2286	39.6	0.00253511	123.565
217	0.2286	39.6	0.00253511	126.195
218	0.2286	39.6	0.00253511	128.705
219	0.2286	39.6	0.00253511	130.205
220	0.2286	39.6	0.00253511	130.435
221	0.2286	39.6	0.00253511	129.395
222	0.2286	39.6	0.00253511	127.095
223	0.2286	39.6	0.00253511	125.305
224	0.2286	39.6	0.00253511	125.025
225	0.2286	39.6	0.00253511	124.625
226	0.2286	39.6	0.00253511	123.465
227	0.2286	39.6	0.00253511	122.175
228	0.2286	39.6	0.00253511	117.465
229	0.2286	31.7	0.0027238	120.595
230	0.2286	31.7	0.0027238	123.635
231	0.2286	31.7	0.0027238	126.675
232	0.2286	31.7	0.0027238	129.465
233	0.2286	31.7	0.0027238	130.725
234	0.2286	31.7	0.0027238	130.595
235	0.2286	31.7	0.0027238	128.805
236	0.2286	31.7	0.0027238	125.625
237	0.2286	31.7	0.0027238	123.455
238	0.2286	31.7	0.0027238	123.445
239	0.2286	31.7	0.0027238	123.445
240	0.2286	31.7	0.0027238	122.035
241	0.2286	31.7	0.0027238	120.505
242	0.2286	31.7	0.0027238	116.815
243	0.2286	71.3	0.00293031	125.116
244	0.2286	71.3	0.00293031	126.486
245	0.2286	71.3	0.00293031	127.35600000000001
246	0.2286	71.3	0.00293031	128.216
247	0.2286	71.3	0.00293031	128.95600000000002
248	0.2286	71.3	0.00293031	128.816
249	0.2286	71.3	0.00293031	127.796
250	0.2286	71.3	0.00293031	126.896
251	0.2286	71.3	0.00293031	127.006
252	0.2286	71.3	0.00293031	126.116
253	0.2286	71.3	0.00293031	124.086
254	0.2286	71.3	0.00293031	122.816
255	0.2286	71.3	0.00293031	120.786
256	0.2286	71.3	0.00293031	115.99600000000001
257	0.2286	71.3	0.00293031	113.086
258	0.2286	55.5	0.00313525	122.292
259	0.2286	55.5	0.00313525	124.69200000000001
260	0.2286	55.5	0.00313525	126.84200000000001
261	0.2286	55.5	0.00313525	128.49200000000002
262	0.2286	55.5	0.00313525	129.002
263	0.2286	55.5	0.00313525	128.762
264	0.2286	55.5	0.00313525	126.75200000000001
265	0.2286	55.5	0.00313525	124.61200000000001
266	0.2286	55.5	0.00313525	123.86200000000001
267	0.2286	55.5	0.00313525	123.742
268	0.2286	55.5	0.00313525	122.23200000000001
269	0.2286	55.5	0.00313525	120.47200000000001
270	0.2286	55.5	0.00313525	118.712
271	0.2286	39.6	0.00346574	120.137
272	0.2286	39.6	0.00346574	122.147
273	0.2286	39.6	0.00346574	125.15700000000001
274	0.2286	39.6	0.00346574	127.417
275	0.2286	39.6	0.00346574	129.037
276	0.2286	39.6	0.00346574	129.14700000000002
277	0.2286	39.6	0.00346574	128.257
278	0.2286	39.6	0.00346574	125.837
279	0.2286	39.6	0.00346574	122.79700000000001
280	0.2286	39.6	0.00346574	121.397
281	0.2286	39.6	0.00346574	121.62700000000001
282	0.2286	39.6	0.00346574	120.227
283	0.2286	39.6	0.00346574	118.82700000000001
284	0.2286	39.6	0.00346574	116.417
285	0.2286	31.7	0.00372371	120.147
286	0.2286	31.7	0.00372371	123.417
287	0.2286	31.7	0.00372371	126.677
288	0.2286	31.7	0.00372371	129.05700000000002
289	0.2286	31.7	0.00372371	130.30700000000002
290	0.2286	31.7	0.00372371	130.30700000000002
291	0.2286	31.7	0.00372371	128.67700000000002
292	0.2286	31.7	0.00372371	125.79700000000001
293	0.2286	31.7	0.00372371	123.037
294	0.2286	31.7	0.00372371	121.40700000000001
295	0.2286	31.7	0.00372371	121.527
296	0.2286	31.7	0.00372371	120.527
297	0.2286	31.7	0.00372371	118.26700000000001
298	0.2286	31.7	0.00372371	115.137
299	0.2286	71.3	0.00400603	126.758
300	0.2286	71.3	0.00400603	129.03799999999998
301	0.2286	71.3	0.00400603	130.688
302	0.2286	71.3	0.00400603	131.708
303	0.2286	71.3	0.00400603	131.718
304	0.2286	71.3	0.00400603	129.468
305	0.2286	71.3	0.00400603	126.21799999999999
306	0.2286	71.3	0.00400603	124.338
307	0.2286	71.3	0.00400603	124.10799999999999
308	0.2286	71.3	0.00400603	121.728
309	0.2286	71.3	0.00400603	121.118
310	0.2286	71.3	0.00400603	118.618
311	0.2286	71.3	0.00400603	112.848
312	0.2286	71.3	0.00400603	113.10799999999999
313	0.2286	71.3	0.00400603	114.258
314	0.2286	71.3	0.00400603	112.76799999999999
315	0.2286	71.3	0.00400603	109.63799999999999
316	0.2286	55.5	0.0042861999999999996	123.274
317	0.2286	55.5	0.0042861999999999996	127.314
318	0.2286	55.5	0.0042861999999999996	129.964
319	0.2286	55.5	0.0042861999999999996	131.864
320	0.2286	55.5	0.0042861999999999996	132.134
321	0.2286	55.5	0.0042861999999999996	131.264
322	0.2286	55.5	0.0042861999999999996	128.264
323	0.2286	55.5	0.0042861999999999996	124.25399999999999
324	0.2286	55.5	0.0042861999999999996	122.384
325	0.2286	55.5	0.0042861999999999996	122.39399999999999
326	0.2286	55.5	0.0042861999999999996	120.654
327	0.2286	55.5	0.0042861999999999996	120.03399999999999
328	0.2286	55.5	0.0042861999999999996	117.154
329	0.2286	55.5	0.0042861999999999996	112.524
330	0.2286	39.6	0.00473801	122.229
331	0.2286	39.6	0.00473801	123.87899999999999
332	0.2286	39.6	0.00473801	127.039
333	0.2286	39.6	0.00473801	129.579
334	0.2286	39.6	0.00473801	130.469
335	0.2286	39.6	0.00473801	129.969
336	0.2286	39.6	0.00473801	128.339
337	0.2286	39.6	0.00473801	125.319
338	0.2286	39.6	0.00473801	121.65899999999999
339	0.2286	39.6	0.00473801	119.649
340	0.2286	39.6	0.00473801	120.419
341	0.2286	39.6	0.00473801	119.15899999999999
342	0.2286	39.6	0.00473801	117.649
343	0.2286	39.6	0.00473801	114.249
344	0.2286	39.6	0.00473801	113.12899999999999
345	0.2286	31.7	0.00509068	120.189
346	0.2286	31.7	0.00509068	123.609
347	0.2286	31.7	0.00509068	126.149
348	0.2286	31.7	0.00509068	128.939
349	0.2286	31.7	0.00509068	130.349
350	0.2286	31.7	0.00509068	130.869
351	0.2286	31.7	0.00509068	129.869
352	0.2286	31.7	0.00509068	128.119
353	0.2286	31.7	0.00509068	125.229
354	0.2286	31.7	0.00509068	122.089
355	0.2286	31.7	0.00509068	120.209
356	0.2286	31.7	0.00509068	120.229
357	0.2286	31.7	0.00509068	118.859
358	0.2286	31.7	0.00509068	115.969
359	0.2286	31.7	0.00509068	112.699
360	0.2286	71.3	0.0051942	127.7
361	0.2286	71.3	0.0051942	129.88
362	0.2286	71.3	0.0051942	131.8
363	0.2286	71.3	0.0051942	133.48
364	0.2286	71.3	0.0051942	134.0
365	0.2286	71.3	0.0051942	133.38
366	0.2286	71.3	0.0051942	130.46
367	0.2286	71.3	0.0051942	125.89
368	0.2286	71.3	0.0051942	123.74
369	0.2286	71.3	0.0051942	123.12
370	0.2286	71.3	0.0051942	120.33
371	0.2286	71.3	0.0051942	118.05
372	0.2286	71.3	0.0051942	116.92
373	0.2286	71.3	0.0051942	114.9
374	0.2286	71.3	0.0051942	111.35
375	0.2286	39.6	0.00614329	127.01100000000001
376	0.2286	39.6	0.00614329	129.691
377	0.2286	39.6	0.00614329	131.221
378	0.2286	39.6	0.00614329	132.251
379	0.2286	39.6	0.00614329	132.011
380	0.2286	39.6	0.00614329	129.491
381	0.2286	39.6	0.00614329	125.581
382	0.2286	39.6	0.00614329	125.721
383	0.2286	39.6	0.00614329	123.081
384	0.2286	39.6	0.00614329	117.911
385	0.2286	39.6	0.00614329	116.15100000000001
386	0.2286	39.6	0.00614329	118.441
387	0.2286	39.6	0.00614329	115.801
388	0.2286	39.6	0.00614329	115.311
389	0.2286	39.6	0.00614329	112.541
390	0.2286	71.3	0.010440399999999999	138.75799999999998
391	0.2286	71.3	0.010440399999999999	139.918
392	0.2286	71.3	0.010440399999999999	139.808
393	0.2286	71.3	0.010440399999999999	139.438
394	0.2286	71.3	0.010440399999999999	136.798
395	0.2286	71.3	0.010440399999999999	133.768
396	0.2286	71.3	0.010440399999999999	130.748
397	0.2286	71.3	0.010440399999999999	126.838
398	0.2286	71.3	0.010440399999999999	127.35799999999999
399	0.2286	71.3	0.010440399999999999	125.728
400	0.2286	71.3	0.010440399999999999	122.708
401	0.2286	71.3	0.010440399999999999	122.088
402	0.2286	71.3	0.010440399999999999	120.458
403	0.2286	71.3	0.010440399999999999	119.208
404	0.2286	71.3	0.010440399999999999	115.29799999999999
405	0.2286	71.3	0.010440399999999999	115.818
406	0.2286	55.5	0.011170600000000001	135.234
407	0.2286	55.5	0.011170600000000001	136.384
408	0.2286	55.5	0.011170600000000001	136.284
409	0.2286	55.5	0.011170600000000001	135.924
410	0.2286	55.5	0.011170600000000001	133.174
411	0.2286	55.5	0.011170600000000001	130.934
412	0.2286	55.5	0.011170600000000001	128.444
413	0.2286	55.5	0.011170600000000001	125.194
414	0.2286	55.5	0.011170600000000001	125.72399999999999
415	0.2286	55.5	0.011170600000000001	123.354
416	0.2286	55.5	0.011170600000000001	120.354
417	0.2286	55.5	0.011170600000000001	118.994
418	0.2286	55.5	0.011170600000000001	117.134
419	0.2286	55.5	0.011170600000000001	117.28399999999999
420	0.2286	55.5	0.011170600000000001	113.14399999999999
421	0.2286	55.5	0.011170600000000001	111.53399999999999
422	0.2286	39.6	0.0123481	130.989
423	0.2286	39.6	0.0123481	131.889
424	0.2286	39.6	0.0123481	132.149
425	0.2286	39.6	0.0123481	132.039
426	0.2286	39.6	0.0123481	130.299
427	0.2286	39.6	0.0123481	128.929
428	0.2286	39.6	0.0123481	126.29899999999999
429	0.2286	39.6	0.0123481	122.539
430	0.2286	39.6	0.0123481	123.189
431	0.2286	39.6	0.0123481	121.059
432	0.2286	39.6	0.0123481	117.809
433	0.2286	39.6	0.0123481	116.559
434	0.2286	39.6	0.0123481	114.309
435	0.2286	39.6	0.0123481	114.079
436	0.2286	39.6	0.0123481	111.959
437	0.2286	39.6	0.0123481	110.839
438	0.2286	31.7	0.0132672	128.679
439	0.2286	31.7	0.0132672	130.089
440	0.2286	31.7	0.0132672	130.239
441	0.2286	31.7	0.0132672	130.269
442	0.2286	31.7	0.0132672	128.16899999999998
443	0.2286	31.7	0.0132672	126.189
444	0.2286	31.7	0.0132672	123.209
445	0.2286	31.7	0.0132672	119.09899999999999
446	0.2286	31.7	0.0132672	120.509
447	0.2286	31.7	0.0132672	119.039
448	0.2286	31.7	0.0132672	115.309
449	0.2286	31.7	0.0132672	114.709
450	0.2286	31.7	0.0132672	113.229
451	0.2286	31.7	0.0132672	112.639
452	0.2286	31.7	0.0132672	111.029
453	0.2286	31.7	0.0132672	110.689
454	0.1524	71.3	0.0015988	125.81700000000001
455	0.1524	71.3	0.0015988	127.307
456	0.1524	71.3	0.0015988	128.92700000000002
457	0.1524	71.3	0.0015988	129.667
458	0.1524	71.3	0.0015988	128.64700000000002
459	0.1524	71.3	0.0015988	128.127
460	0.1524	71.3	0.0015988	129.377
461	0.1524	71.3	0.0015988	128.857
462	0.1524	71.3	0.0015988	126.45700000000001
463	0.1524	71.3	0.0015988	125.427
464	0.1524	71.3	0.0015988	122.527
465	0.1524	71.3	0.0015988	120.24700000000001
466	0.1524	71.3	0.0015988	117.087
467	0.1524	71.3	0.0015988	113.29700000000001
468	0.1524	55.5	0.00172668	120.573
469	0.1524	55.5	0.00172668	123.583
470	0.1524	55.5	0.00172668	126.713
471	0.1524	55.5	0.00172668	128.583
472	0.1524	55.5	0.00172668	129.953
473	0.1524	55.5	0.00172668	130.183
474	0.1524	55.5	0.00172668	129.673
475	0.1524	55.5	0.00172668	127.76299999999999
476	0.1524	55.5	0.00172668	127.75299999999999
477	0.1524	55.5	0.00172668	127.23299999999999
478	0.1524	55.5	0.00172668	125.20299999999999
479	0.1524	55.5	0.00172668	123.303
480	0.1524	55.5	0.00172668	121.90299999999999
481	0.1524	55.5	0.00172668	119.25299999999999
482	0.1524	55.5	0.00172668	117.09299999999999
483	0.1524	55.5	0.00172668	112.803
484	0.1524	39.6	0.00193287	119.51299999999999
485	0.1524	39.6	0.00193287	124.40299999999999
486	0.1524	39.6	0.00193287	127.90299999999999
487	0.1524	39.6	0.00193287	130.033
488	0.1524	39.6	0.00193287	131.023
489	0.1524	39.6	0.00193287	131.013
490	0.1524	39.6	0.00193287	129.63299999999998
491	0.1524	39.6	0.00193287	126.863
492	0.1524	39.6	0.00193287	125.603
493	0.1524	39.6	0.00193287	125.34299999999999
494	0.1524	39.6	0.00193287	123.45299999999999
495	0.1524	39.6	0.00193287	121.31299999999999
496	0.1524	39.6	0.00193287	120.553
497	0.1524	39.6	0.00193287	115.413
498	0.1524	31.7	0.00209405	121.617
499	0.1524	31.7	0.00209405	125.99700000000001
500	0.1524	31.7	0.00209405	129.11700000000002
501	0.1524	31.7	0.00209405	130.987
502	0.1524	31.7	0.00209405	131.467
503	0.1524	31.7	0.00209405	130.817
504	0.1524	31.7	0.00209405	128.907
505	0.1524	31.7	0.00209405	125.867
506	0.1524	31.7	0.00209405	124.20700000000001
507	0.1524	31.7	0.00209405	123.807
508	0.1524	31.7	0.00209405	122.397
509	0.1524	31.7	0.00209405	119.73700000000001
510	0.1524	31.7	0.00209405	117.95700000000001
511	0.1524	71.3	0.00243851	127.404
512	0.1524	71.3	0.00243851	127.39399999999999
513	0.1524	71.3	0.00243851	128.774
514	0.1524	71.3	0.00243851	130.144
515	0.1524	71.3	0.00243851	130.644
516	0.1524	71.3	0.00243851	130.114
517	0.1524	71.3	0.00243851	128.334
518	0.1524	71.3	0.00243851	127.054
519	0.1524	71.3	0.00243851	126.53399999999999
520	0.1524	71.3	0.00243851	124.36399999999999
521	0.1524	71.3	0.00243851	121.944
522	0.1524	71.3	0.00243851	120.53399999999999
523	0.1524	71.3	0.00243851	116.72399999999999
524	0.1524	71.3	0.00243851	113.03399999999999
525	0.1524	71.3	0.00243851	110.36399999999999
526	0.1524	39.6	0.00294804	121.009
527	0.1524	39.6	0.00294804	125.809
528	0.1524	39.6	0.00294804	128.829
529	0.1524	39.6	0.00294804	130.589
530	0.1524	39.6	0.00294804	130.829
531	0.1524	39.6	0.00294804	130.049
532	0.1524	39.6	0.00294804	128.139
533	0.1524	39.6	0.00294804	125.589
534	0.1524	39.6	0.00294804	122.919
535	0.1524	39.6	0.00294804	121.889
536	0.1524	39.6	0.00294804	121.499
537	0.1524	39.6	0.00294804	119.209
538	0.1524	39.6	0.00294804	116.65899999999999
539	0.1524	39.6	0.00294804	112.589
540	0.1524	39.6	0.00294804	108.649
541	0.1524	71.3	0.00401199	124.12100000000001
542	0.1524	71.3	0.00401199	126.291
543	0.1524	71.3	0.00401199	128.971
544	0.1524	71.3	0.00401199	131.281
545	0.1524	71.3	0.00401199	133.201
546	0.1524	71.3	0.00401199	134.111
547	0.1524	71.3	0.00401199	133.241
548	0.1524	71.3	0.00401199	131.111
549	0.1524	71.3	0.00401199	127.59100000000001
550	0.1524	71.3	0.00401199	123.311
551	0.1524	71.3	0.00401199	121.431
552	0.1524	71.3	0.00401199	120.061
553	0.1524	71.3	0.00401199	116.411
554	0.1524	55.5	0.00433288	126.807
555	0.1524	55.5	0.00433288	129.36700000000002
556	0.1524	55.5	0.00433288	131.80700000000002
557	0.1524	55.5	0.00433288	133.097
558	0.1524	55.5	0.00433288	132.127
559	0.1524	55.5	0.00433288	130.77700000000002
560	0.1524	55.5	0.00433288	130.567
561	0.1524	55.5	0.00433288	128.707
562	0.1524	55.5	0.00433288	124.07700000000001
563	0.1524	55.5	0.00433288	121.587
564	0.1524	55.5	0.00433288	119.73700000000001
565	0.1524	55.5	0.00433288	118.757
566	0.1524	55.5	0.00433288	117.287
567	0.1524	55.5	0.00433288	114.927
568	0.1524	39.6	0.00485029	125.34700000000001
569	0.1524	39.6	0.00485029	127.637
570	0.1524	39.6	0.00485029	129.937
571	0.1524	39.6	0.00485029	132.357
572	0.1524	39.6	0.00485029	132.757
573	0.1524	39.6	0.00485029	130.507
574	0.1524	39.6	0.00485029	127.117
575	0.1524	39.6	0.00485029	126.26700000000001
576	0.1524	39.6	0.00485029	124.647
577	0.1524	39.6	0.00485029	120.49700000000001
578	0.1524	39.6	0.00485029	119.137
579	0.1524	39.6	0.00485029	117.137
580	0.1524	39.6	0.00485029	117.037
581	0.1524	39.6	0.00485029	116.677
582	0.1524	31.7	0.00525474	125.741
583	0.1524	31.7	0.00525474	127.781
584	0.1524	31.7	0.00525474	129.681
585	0.1524	31.7	0.00525474	131.471
586	0.1524	31.7	0.00525474	131.491
587	0.1524	31.7	0.00525474	128.241
588	0.1524	31.7	0.00525474	123.991
589	0.1524	31.7	0.00525474	123.76100000000001
590	0.1524	31.7	0.00525474	122.771
591	0.1524	31.7	0.00525474	119.15100000000001
592	0.1524	31.7	0.00525474	118.291
593	0.1524	31.7	0.00525474	116.181
594	0.1524	31.7	0.00525474	115.691
595	0.1524	31.7	0.00525474	115.59100000000001
596	0.1524	71.3	0.00752039	128.713
597	0.1524	71.3	0.00752039	130.123
598	0.1524	71.3	0.00752039	132.043
599	0.1524	71.3	0.00752039	134.85299999999998
600	0.1524	71.3	0.00752039	136.023
601	0.1524	71.3	0.00752039	134.273
602	0.1524	71.3	0.00752039	132.513
603	0.1524	71.3	0.00752039	130.893
604	0.1524	71.3	0.00752039	128.643
605	0.1524	71.3	0.00752039	124.353
606	0.1524	71.3	0.00752039	116.78299999999999
607	0.1524	71.3	0.00752039	119.34299999999999
608	0.1524	71.3	0.00752039	118.34299999999999
609	0.1524	71.3	0.00752039	116.603
610	0.1524	71.3	0.00752039	113.333
611	0.1524	71.3	0.00752039	110.31299999999999
612	0.1524	39.6	0.00909175	127.488
613	0.1524	39.6	0.00909175	130.558
614	0.1524	39.6	0.00909175	132.118
615	0.1524	39.6	0.00909175	132.658
616	0.1524	39.6	0.00909175	133.19799999999998
617	0.1524	39.6	0.00909175	132.358
618	0.1524	39.6	0.00909175	128.338
619	0.1524	39.6	0.00909175	122.428
620	0.1524	39.6	0.00909175	120.05799999999999
621	0.1524	39.6	0.00909175	120.228
622	0.1524	39.6	0.00909175	117.478
623	0.1524	39.6	0.00909175	111.818
624	0.1524	39.6	0.00909175	114.258
625	0.1524	39.6	0.00909175	113.288
626	0.1524	39.6	0.00909175	112.68799999999999
627	0.1524	39.6	0.00909175	111.588
628	0.1524	39.6	0.00909175	110.868
629	0.1524	71.3	0.019300099999999997	134.319
630	0.1524	71.3	0.019300099999999997	135.329
631	0.1524	71.3	0.019300099999999997	135.459
632	0.1524	71.3	0.019300099999999997	135.079
633	0.1524	71.3	0.019300099999999997	131.279
634	0.1524	71.3	0.019300099999999997	129.889
635	0.1524	71.3	0.019300099999999997	128.879
636	0.1524	71.3	0.019300099999999997	126.34899999999999
637	0.1524	71.3	0.019300099999999997	122.679
638	0.1524	71.3	0.019300099999999997	121.789
639	0.1524	71.3	0.019300099999999997	120.779
640	0.1524	71.3	0.019300099999999997	119.639
641	0.1524	71.3	0.019300099999999997	116.84899999999999
642	0.1524	71.3	0.019300099999999997	115.079
643	0.1524	71.3	0.019300099999999997	114.569
644	0.1524	71.3	0.019300099999999997	112.039
645	0.1524	55.5	0.0208438	131.955
646	0.1524	55.5	0.0208438	133.235
647	0.1524	55.5	0.0208438	132.355
648	0.1524	55.5	0.0208438	131.605
649	0.1524	55.5	0.0208438	127.815
650	0.1524	55.5	0.0208438	127.315
651	0.1524	55.5	0.0208438	126.565
652	0.1524	55.5	0.0208438	124.665
653	0.1524	55.5	0.0208438	121.635
654	0.1524	55.5	0.0208438	119.875
655	0.1524	55.5	0.0208438	119.505
656	0.1524	55.5	0.0208438	118.365
657	0.1524	55.5	0.0208438	115.085
658	0.1524	55.5	0.0208438	112.945
659	0.1524	55.5	0.0208438	112.065
660	0.1524	55.5	0.0208438	110.555
661	0.1524	39.6	0.0233328	127.315
662	0.1524	39.6	0.0233328	128.335
663	0.1524	39.6	0.0233328	128.595
664	0.1524	39.6	0.0233328	128.345
665	0.1524	39.6	0.0233328	126.835
666	0.1524	39.6	0.0233328	126.465
667	0.1524	39.6	0.0233328	126.345
668	0.1524	39.6	0.0233328	123.835
669	0.1524	39.6	0.0233328	120.555
670	0.1524	39.6	0.0233328	118.545
671	0.1524	39.6	0.0233328	117.925
672	0.1524	39.6	0.0233328	116.295
673	0.1524	39.6	0.0233328	113.525
674	0.1524	39.6	0.0233328	112.265
675	0.1524	39.6	0.0233328	111.135
676	0.1524	39.6	0.0233328	109.885
677	0.1524	31.7	0.0252785	127.29899999999999
678	0.1524	31.7	0.0252785	128.559
679	0.1524	31.7	0.0252785	128.809
680	0.1524	31.7	0.0252785	128.939
681	0.1524	31.7	0.0252785	127.179
682	0.1524	31.7	0.0252785	126.04899999999999
683	0.1524	31.7	0.0252785	125.539
684	0.1524	31.7	0.0252785	122.149
685	0.1524	31.7	0.0252785	118.619
686	0.1524	31.7	0.0252785	117.119
687	0.1524	31.7	0.0252785	116.859
688	0.1524	31.7	0.0252785	114.729
689	0.1524	31.7	0.0252785	112.209
690	0.1524	31.7	0.0252785	111.459
691	0.1524	31.7	0.0252785	109.949
692	0.1524	31.7	0.0252785	108.689
693	0.1524	71.3	0.0483159	128.35399999999998
694	0.1524	71.3	0.0483159	129.744
695	0.1524	71.3	0.0483159	128.484
696	0.1524	71.3	0.0483159	127.094
697	0.1524	71.3	0.0483159	121.664
698	0.1524	71.3	0.0483159	123.304
699	0.1524	71.3	0.0483159	123.054
700	0.1524	71.3	0.0483159	122.044
701	0.1524	71.3	0.0483159	120.154
702	0.1524	71.3	0.0483159	120.53399999999999
703	0.1524	71.3	0.0483159	117.50399999999999
704	0.1524	71.3	0.0483159	115.234
705	0.1524	71.3	0.0483159	113.334
706	0.1524	71.3	0.0483159	108.03399999999999
707	0.1524	71.3	0.0483159	108.03399999999999
708	0.1524	71.3	0.0483159	107.28399999999999
709	0.1524	39.6	0.05841130000000001	114.75
710	0.1524	39.6	0.05841130000000001	115.89
711	0.1524	39.6	0.05841130000000001	116.02
712	0.1524	39.6	0.05841130000000001	115.91
713	0.1524	39.6	0.05841130000000001	114.9
714	0.1524	39.6	0.05841130000000001	116.55
715	0.1524	39.6	0.05841130000000001	116.56
716	0.1524	39.6	0.05841130000000001	114.67
717	0.1524	39.6	0.05841130000000001	112.16
718	0.1524	39.6	0.05841130000000001	110.78
719	0.1524	39.6	0.05841130000000001	109.52
720	0.1524	39.6	0.05841130000000001	106.88
721	0.1524	39.6	0.05841130000000001	106.26
722	0.1524	39.6	0.05841130000000001	104.5
723	0.1524	39.6	0.05841130000000001	104.13
724	0.1524	39.6	0.05841130000000001	103.38
725	0.0508	71.3	0.000740478	130.96
726	0.0508	71.3	0.000740478	129.45
727	0.0508	71.3	0.000740478	128.56
728	0.0508	71.3	0.000740478	129.68
729	0.0508	71.3	0.000740478	131.06
730	0.0508	71.3	0.000740478	131.31
731	0.0508	71.3	0.000740478	135.07
732	0.0508	71.3	0.000740478	134.43
733	0.0508	71.3	0.000740478	134.43
734	0.0508	71.3	0.000740478	133.04
735	0.0508	71.3	0.000740478	130.89
736	0.0508	71.3	0.000740478	128.74
737	0.0508	71.3	0.000740478	125.22
738	0.0508	55.5	0.00076193	124.336
739	0.0508	55.5	0.00076193	125.586
740	0.0508	55.5	0.00076193	127.07600000000001
741	0.0508	55.5	0.00076193	128.576
742	0.0508	55.5	0.00076193	131.45600000000002
743	0.0508	55.5	0.00076193	133.95600000000002
744	0.0508	55.5	0.00076193	134.826
745	0.0508	55.5	0.00076193	134.946
746	0.0508	55.5	0.00076193	134.556
747	0.0508	55.5	0.00076193	132.796
748	0.0508	55.5	0.00076193	130.156
749	0.0508	55.5	0.00076193	127.63600000000001
750	0.0508	55.5	0.00076193	125.376
751	0.0508	39.6	0.000791822	126.508
752	0.0508	39.6	0.000791822	127.63799999999999
753	0.0508	39.6	0.000791822	129.148
754	0.0508	39.6	0.000791822	130.908
755	0.0508	39.6	0.000791822	132.918
756	0.0508	39.6	0.000791822	134.938
757	0.0508	39.6	0.000791822	135.938
758	0.0508	39.6	0.000791822	135.308
759	0.0508	39.6	0.000791822	134.308
760	0.0508	39.6	0.000791822	131.918
761	0.0508	39.6	0.000791822	128.518
762	0.0508	39.6	0.000791822	125.99799999999999
763	0.0508	39.6	0.000791822	123.988
764	0.0508	31.7	0.000812164	122.79
765	0.0508	31.7	0.000812164	126.78
766	0.0508	31.7	0.000812164	129.27
767	0.0508	31.7	0.000812164	131.01
768	0.0508	31.7	0.000812164	133.01
769	0.0508	31.7	0.000812164	134.87
770	0.0508	31.7	0.000812164	135.49
771	0.0508	31.7	0.000812164	134.11
772	0.0508	31.7	0.000812164	133.23
773	0.0508	31.7	0.000812164	130.34
774	0.0508	31.7	0.000812164	126.59
775	0.0508	31.7	0.000812164	122.45
776	0.0508	31.7	0.000812164	119.07
777	0.0508	71.3	0.00142788	124.318
778	0.0508	71.3	0.00142788	129.84799999999998
779	0.0508	71.3	0.00142788	131.97799999999998
780	0.0508	71.3	0.00142788	133.72799999999998
781	0.0508	71.3	0.00142788	133.59799999999998
782	0.0508	71.3	0.00142788	132.828
783	0.0508	71.3	0.00142788	129.308
784	0.0508	71.3	0.00142788	125.26799999999999
785	0.0508	71.3	0.00142788	121.238
786	0.0508	71.3	0.00142788	117.32799999999999
787	0.0508	39.6	0.00152689	125.647
788	0.0508	39.6	0.00152689	128.42700000000002
789	0.0508	39.6	0.00152689	130.197
790	0.0508	39.6	0.00152689	132.58700000000002
791	0.0508	39.6	0.00152689	133.847
792	0.0508	39.6	0.00152689	133.58700000000002
793	0.0508	39.6	0.00152689	131.80700000000002
794	0.0508	39.6	0.00152689	129.77700000000002
795	0.0508	39.6	0.00152689	125.71700000000001
796	0.0508	39.6	0.00152689	120.397
797	0.0508	39.6	0.00152689	116.96700000000001
798	0.0508	71.3	0.00529514	127.556
799	0.0508	71.3	0.00529514	129.946
800	0.0508	71.3	0.00529514	132.086
801	0.0508	71.3	0.00529514	133.846
802	0.0508	71.3	0.00529514	134.476
803	0.0508	71.3	0.00529514	134.226
804	0.0508	71.3	0.00529514	131.966
805	0.0508	71.3	0.00529514	126.926
806	0.0508	71.3	0.00529514	121.146
807	0.0508	55.5	0.00544854	121.58200000000001
808	0.0508	55.5	0.00544854	123.742
809	0.0508	55.5	0.00544854	126.152
810	0.0508	55.5	0.00544854	128.562
811	0.0508	55.5	0.00544854	130.722
812	0.0508	55.5	0.00544854	132.252
813	0.0508	55.5	0.00544854	133.032
814	0.0508	55.5	0.00544854	133.042
815	0.0508	55.5	0.00544854	131.542
816	0.0508	55.5	0.00544854	128.40200000000002
817	0.0508	55.5	0.00544854	122.61200000000001
818	0.0508	55.5	0.00544854	115.81200000000001
819	0.0508	39.6	0.00566229	120.015
820	0.0508	39.6	0.00566229	122.905
821	0.0508	39.6	0.00566229	126.045
822	0.0508	39.6	0.00566229	128.435
823	0.0508	39.6	0.00566229	130.195
824	0.0508	39.6	0.00566229	131.205
825	0.0508	39.6	0.00566229	130.965
826	0.0508	39.6	0.00566229	129.965
827	0.0508	39.6	0.00566229	127.465
828	0.0508	39.6	0.00566229	123.965
829	0.0508	39.6	0.00566229	118.955
830	0.0508	31.7	0.00580776	120.07600000000001
831	0.0508	31.7	0.00580776	122.96600000000001
832	0.0508	31.7	0.00580776	125.85600000000001
833	0.0508	31.7	0.00580776	128.246
834	0.0508	31.7	0.00580776	129.516
835	0.0508	31.7	0.00580776	130.156
836	0.0508	31.7	0.00580776	129.296
837	0.0508	31.7	0.00580776	127.686
838	0.0508	31.7	0.00580776	125.57600000000001
839	0.0508	31.7	0.00580776	122.086
840	0.0508	31.7	0.00580776	118.10600000000001
841	0.0508	71.3	0.014072	125.941
842	0.0508	71.3	0.014072	127.101
843	0.0508	71.3	0.014072	128.381
844	0.0508	71.3	0.014072	129.281
845	0.0508	71.3	0.014072	130.311
846	0.0508	71.3	0.014072	133.611
847	0.0508	71.3	0.014072	136.031
848	0.0508	71.3	0.014072	136.941
849	0.0508	71.3	0.014072	136.191
850	0.0508	71.3	0.014072	135.191
851	0.0508	71.3	0.014072	133.311
852	0.0508	71.3	0.014072	130.541
853	0.0508	71.3	0.014072	127.141
854	0.0508	71.3	0.014072	122.471
855	0.0508	39.6	0.015047799999999997	125.01
856	0.0508	39.6	0.015047799999999997	126.43
857	0.0508	39.6	0.015047799999999997	128.99
858	0.0508	39.6	0.015047799999999997	130.67
859	0.0508	39.6	0.015047799999999997	131.96
860	0.0508	39.6	0.015047799999999997	133.13
861	0.0508	39.6	0.015047799999999997	133.79
862	0.0508	39.6	0.015047799999999997	132.43
863	0.0508	39.6	0.015047799999999997	130.05
864	0.0508	39.6	0.015047799999999997	126.54
865	0.0508	39.6	0.015047799999999997	124.42
866	0.0508	39.6	0.015047799999999997	122.17
867	0.0508	39.6	0.015047799999999997	119.67
868	0.0508	39.6	0.015047799999999997	115.52
869	0.0508	71.3	0.0264269	123.595
870	0.0508	71.3	0.0264269	124.835
871	0.0508	71.3	0.0264269	126.195
872	0.0508	71.3	0.0264269	126.805
873	0.0508	71.3	0.0264269	127.285
874	0.0508	71.3	0.0264269	129.645
875	0.0508	71.3	0.0264269	131.515
876	0.0508	71.3	0.0264269	131.865
877	0.0508	71.3	0.0264269	130.845
878	0.0508	71.3	0.0264269	130.065
879	0.0508	71.3	0.0264269	129.285
880	0.0508	71.3	0.0264269	127.625
881	0.0508	71.3	0.0264269	125.715
882	0.0508	71.3	0.0264269	122.675
883	0.0508	71.3	0.0264269	119.135
884	0.0508	71.3	0.0264269	115.215
885	0.0508	71.3	0.0264269	112.675
886	0.0508	55.5	0.0271925	122.94
887	0.0508	55.5	0.0271925	124.17
888	0.0508	55.5	0.0271925	125.39
889	0.0508	55.5	0.0271925	126.5
890	0.0508	55.5	0.0271925	127.22
891	0.0508	55.5	0.0271925	129.33
892	0.0508	55.5	0.0271925	130.43
893	0.0508	55.5	0.0271925	130.4
894	0.0508	55.5	0.0271925	130.0
895	0.0508	55.5	0.0271925	128.2
896	0.0508	55.5	0.0271925	127.04
897	0.0508	55.5	0.0271925	125.63
898	0.0508	55.5	0.0271925	123.46
899	0.0508	55.5	0.0271925	120.92
900	0.0508	55.5	0.0271925	117.11
901	0.0508	55.5	0.0271925	112.93
902	0.0508	39.6	0.0282593	121.78299999999999
903	0.0508	39.6	0.0282593	122.89299999999999
904	0.0508	39.6	0.0282593	124.493
905	0.0508	39.6	0.0282593	125.353
906	0.0508	39.6	0.0282593	125.963
907	0.0508	39.6	0.0282593	127.443
908	0.0508	39.6	0.0282593	128.423
909	0.0508	39.6	0.0282593	127.89299999999999
910	0.0508	39.6	0.0282593	126.743
911	0.0508	39.6	0.0282593	124.84299999999999
912	0.0508	39.6	0.0282593	123.443
913	0.0508	39.6	0.0282593	122.413
914	0.0508	39.6	0.0282593	120.51299999999999
915	0.0508	39.6	0.0282593	118.113
916	0.0508	39.6	0.0282593	114.45299999999999
917	0.0508	39.6	0.0282593	109.663
918	0.0508	31.7	0.028985300000000002	119.975
919	0.0508	31.7	0.028985300000000002	121.225
920	0.0508	31.7	0.028985300000000002	122.845
921	0.0508	31.7	0.028985300000000002	123.705
922	0.0508	31.7	0.028985300000000002	123.695
923	0.0508	31.7	0.028985300000000002	124.685
924	0.0508	31.7	0.028985300000000002	125.555
925	0.0508	31.7	0.028985300000000002	124.525
926	0.0508	31.7	0.028985300000000002	123.255
927	0.0508	31.7	0.028985300000000002	121.485
928	0.0508	31.7	0.028985300000000002	120.835
929	0.0508	31.7	0.028985300000000002	119.945
930	0.0508	31.7	0.028985300000000002	118.045
931	0.0508	31.7	0.028985300000000002	115.635
932	0.0508	31.7	0.028985300000000002	112.355
933	0.0508	31.7	0.028985300000000002	108.185
934	0.0508	71.3	0.034118300000000004	118.005
935	0.0508	71.3	0.034118300000000004	119.115
936	0.0508	71.3	0.034118300000000004	121.235
937	0.0508	71.3	0.034118300000000004	123.865
938	0.0508	71.3	0.034118300000000004	126.995
939	0.0508	71.3	0.034118300000000004	128.365
940	0.0508	71.3	0.034118300000000004	124.555
941	0.0508	71.3	0.034118300000000004	121.885
942	0.0508	71.3	0.034118300000000004	121.485
943	0.0508	71.3	0.034118300000000004	120.575
944	0.0508	71.3	0.034118300000000004	120.055
945	0.0508	71.3	0.034118300000000004	118.385
946	0.0508	71.3	0.034118300000000004	116.225
947	0.0508	71.3	0.034118300000000004	113.045
948	0.0508	39.6	0.036483999999999996	125.97399999999999
949	0.0508	39.6	0.036483999999999996	127.22399999999999
950	0.0508	39.6	0.036483999999999996	129.864
951	0.0508	39.6	0.036483999999999996	130.614
952	0.0508	39.6	0.036483999999999996	128.444
953	0.0508	39.6	0.036483999999999996	120.324
954	0.0508	39.6	0.036483999999999996	119.17399999999999
955	0.0508	39.6	0.036483999999999996	118.904
956	0.0508	39.6	0.036483999999999996	118.634
957	0.0508	39.6	0.036483999999999996	117.604
958	0.0508	39.6	0.036483999999999996	117.72399999999999
959	0.0508	39.6	0.036483999999999996	116.184
960	0.0508	39.6	0.036483999999999996	113.00399999999999
961	0.0508	39.6	0.036483999999999996	108.684
962	0.0254	71.3	0.00040068199999999997	133.707
963	0.0254	71.3	0.00040068199999999997	137.007
964	0.0254	71.3	0.00040068199999999997	138.55700000000002
965	0.0254	71.3	0.00040068199999999997	136.83700000000002
966	0.0254	71.3	0.00040068199999999997	134.987
967	0.0254	71.3	0.00040068199999999997	129.86700000000002
968	0.0254	71.3	0.00040068199999999997	130.787
969	0.0254	71.3	0.00040068199999999997	133.207
970	0.0254	71.3	0.00040068199999999997	130.477
971	0.0254	71.3	0.00040068199999999997	123.21700000000001
972	0.0254	55.5	0.00041229	127.62299999999999
973	0.0254	55.5	0.00041229	130.07299999999998
974	0.0254	55.5	0.00041229	130.503
975	0.0254	55.5	0.00041229	133.22299999999998
976	0.0254	55.5	0.00041229	135.803
977	0.0254	55.5	0.00041229	136.10299999999998
978	0.0254	55.5	0.00041229	136.16299999999998
979	0.0254	55.5	0.00041229	134.563
980	0.0254	55.5	0.00041229	131.453
981	0.0254	55.5	0.00041229	125.68299999999999
982	0.0254	55.5	0.00041229	121.93299999999999
983	0.0254	39.6	0.00042846400000000004	124.156
984	0.0254	39.6	0.00042846400000000004	130.026
985	0.0254	39.6	0.00042846400000000004	131.836
986	0.0254	39.6	0.00042846400000000004	133.276
987	0.0254	39.6	0.00042846400000000004	135.346
988	0.0254	39.6	0.00042846400000000004	136.536
989	0.0254	39.6	0.00042846400000000004	136.826
990	0.0254	39.6	0.00042846400000000004	135.866
991	0.0254	39.6	0.00042846400000000004	133.376
992	0.0254	39.6	0.00042846400000000004	129.116
993	0.0254	39.6	0.00042846400000000004	124.986
994	0.0254	31.7	0.000439472	125.12700000000001
995	0.0254	31.7	0.000439472	127.947
996	0.0254	31.7	0.000439472	129.267
997	0.0254	31.7	0.000439472	130.697
998	0.0254	31.7	0.000439472	132.89700000000002
999	0.0254	31.7	0.000439472	135.227
1000	0.0254	31.7	0.000439472	137.047
1001	0.0254	31.7	0.000439472	138.607
1002	0.0254	31.7	0.000439472	138.537
1003	0.0254	31.7	0.000439472	137.207
1004	0.0254	31.7	0.000439472	134.227
1005	0.0254	31.7	0.000439472	128.977
1006	0.0254	31.7	0.000439472	125.62700000000001
1007	0.0254	71.3	0.000848633	128.398
1008	0.0254	71.3	0.000848633	130.828
1009	0.0254	71.3	0.000848633	133.378
1010	0.0254	71.3	0.000848633	134.928
1011	0.0254	71.3	0.000848633	135.468
1012	0.0254	71.3	0.000848633	134.498
1013	0.0254	71.3	0.000848633	131.518
1014	0.0254	71.3	0.000848633	127.398
1015	0.0254	71.3	0.000848633	127.68799999999999
1016	0.0254	71.3	0.000848633	124.208
1017	0.0254	71.3	0.000848633	119.708
1018	0.0254	55.5	0.000873218	121.47399999999999
1019	0.0254	55.5	0.000873218	125.054
1020	0.0254	55.5	0.000873218	129.144
1021	0.0254	55.5	0.000873218	132.35399999999998
1022	0.0254	55.5	0.000873218	133.924
1023	0.0254	55.5	0.000873218	135.484
1024	0.0254	55.5	0.000873218	135.164
1025	0.0254	55.5	0.000873218	132.184
1026	0.0254	55.5	0.000873218	126.944
1027	0.0254	55.5	0.000873218	125.094
1028	0.0254	55.5	0.000873218	124.39399999999999
1029	0.0254	55.5	0.000873218	121.28399999999999
1030	0.0254	39.6	0.000907475	116.366
1031	0.0254	39.6	0.000907475	118.696
1032	0.0254	39.6	0.000907475	120.766
1033	0.0254	39.6	0.000907475	122.956
1034	0.0254	39.6	0.000907475	125.02600000000001
1035	0.0254	39.6	0.000907475	125.96600000000001
1036	0.0254	39.6	0.000907475	128.916
1037	0.0254	39.6	0.000907475	131.236
1038	0.0254	39.6	0.000907475	133.436
1039	0.0254	39.6	0.000907475	134.996
1040	0.0254	39.6	0.000907475	135.42600000000002
1041	0.0254	39.6	0.000907475	134.336
1042	0.0254	39.6	0.000907475	131.346
1043	0.0254	39.6	0.000907475	126.066
1044	0.0254	31.7	0.0009307889999999999	116.12799999999999
1045	0.0254	31.7	0.0009307889999999999	120.07799999999999
1046	0.0254	31.7	0.0009307889999999999	122.648
1047	0.0254	31.7	0.0009307889999999999	125.348
1048	0.0254	31.7	0.0009307889999999999	127.40799999999999
1049	0.0254	31.7	0.0009307889999999999	128.718
1050	0.0254	31.7	0.0009307889999999999	130.148
1051	0.0254	31.7	0.0009307889999999999	132.588
1052	0.0254	31.7	0.0009307889999999999	134.268
1053	0.0254	31.7	0.0009307889999999999	135.328
1054	0.0254	31.7	0.0009307889999999999	135.248
1055	0.0254	31.7	0.0009307889999999999	132.898
1056	0.0254	31.7	0.0009307889999999999	127.008
1057	0.0254	71.3	0.00420654	125.726
1058	0.0254	71.3	0.00420654	127.206
1059	0.0254	71.3	0.00420654	129.556
1060	0.0254	71.3	0.00420654	131.656
1061	0.0254	71.3	0.00420654	133.756
1062	0.0254	71.3	0.00420654	134.976
1063	0.0254	71.3	0.00420654	135.95600000000002
1064	0.0254	71.3	0.00420654	136.166
1065	0.0254	71.3	0.00420654	134.236
1066	0.0254	71.3	0.00420654	131.186
1067	0.0254	71.3	0.00420654	127.24600000000001
1068	0.0254	55.5	0.0043284	120.95200000000001
1069	0.0254	55.5	0.0043284	123.08200000000001
1070	0.0254	55.5	0.0043284	125.45200000000001
1071	0.0254	55.5	0.0043284	128.082
1072	0.0254	55.5	0.0043284	130.332
1073	0.0254	55.5	0.0043284	132.202
1074	0.0254	55.5	0.0043284	133.062
1075	0.0254	55.5	0.0043284	134.05200000000002
1076	0.0254	55.5	0.0043284	134.15200000000002
1077	0.0254	55.5	0.0043284	133.252
1078	0.0254	55.5	0.0043284	131.582
1079	0.0254	55.5	0.0043284	128.412
1080	0.0254	55.5	0.0043284	124.22200000000001
1081	0.0254	39.6	0.00449821	116.074
1082	0.0254	39.6	0.00449821	116.92399999999999
1083	0.0254	39.6	0.00449821	119.294
1084	0.0254	39.6	0.00449821	121.154
1085	0.0254	39.6	0.00449821	123.89399999999999
1086	0.0254	39.6	0.00449821	126.514
1087	0.0254	39.6	0.00449821	129.014
1088	0.0254	39.6	0.00449821	130.374
1089	0.0254	39.6	0.00449821	130.964
1090	0.0254	39.6	0.00449821	131.184
1091	0.0254	39.6	0.00449821	131.274
1092	0.0254	39.6	0.00449821	131.234
1093	0.0254	39.6	0.00449821	129.934
1094	0.0254	39.6	0.00449821	127.86399999999999
1095	0.0254	39.6	0.00449821	125.044
1096	0.0254	39.6	0.00449821	120.324
1097	0.0254	31.7	0.00461377	119.146
1098	0.0254	31.7	0.00461377	120.13600000000001
1099	0.0254	31.7	0.00461377	122.766
1100	0.0254	31.7	0.00461377	124.756
1101	0.0254	31.7	0.00461377	126.88600000000001
1102	0.0254	31.7	0.00461377	129.006
1103	0.0254	31.7	0.00461377	130.746
1104	0.0254	31.7	0.00461377	131.346
1105	0.0254	31.7	0.00461377	131.446
1106	0.0254	31.7	0.00461377	131.036
1107	0.0254	31.7	0.00461377	130.496
1108	0.0254	31.7	0.00461377	130.086
1109	0.0254	31.7	0.00461377	128.536
1110	0.0254	31.7	0.00461377	126.736
1111	0.0254	31.7	0.00461377	124.426
1112	0.0254	31.7	0.00461377	120.726
1113	0.0254	71.3	0.012180799999999999	119.698
1114	0.0254	71.3	0.012180799999999999	122.93799999999999
1115	0.0254	71.3	0.012180799999999999	125.04799999999999
1116	0.0254	71.3	0.012180799999999999	126.898
1117	0.0254	71.3	0.012180799999999999	128.878
1118	0.0254	71.3	0.012180799999999999	130.34799999999998
1119	0.0254	71.3	0.012180799999999999	131.69799999999998
1120	0.0254	71.3	0.012180799999999999	133.048
1121	0.0254	71.3	0.012180799999999999	134.528
1122	0.0254	71.3	0.012180799999999999	134.22799999999998
1123	0.0254	71.3	0.012180799999999999	134.058
1124	0.0254	71.3	0.012180799999999999	133.75799999999998
1125	0.0254	71.3	0.012180799999999999	131.808
1126	0.0254	71.3	0.012180799999999999	128.97799999999998
1127	0.0254	71.3	0.012180799999999999	125.398
1128	0.0254	71.3	0.012180799999999999	120.538
1129	0.0254	71.3	0.012180799999999999	114.41799999999999
1130	0.0254	39.6	0.013025299999999998	121.54700000000001
1131	0.0254	39.6	0.013025299999999998	123.537
1132	0.0254	39.6	0.013025299999999998	125.527
1133	0.0254	39.6	0.013025299999999998	127.12700000000001
1134	0.0254	39.6	0.013025299999999998	128.86700000000002
1135	0.0254	39.6	0.013025299999999998	130.217
1136	0.0254	39.6	0.013025299999999998	130.947
1137	0.0254	39.6	0.013025299999999998	130.77700000000002
1138	0.0254	39.6	0.013025299999999998	129.977
1139	0.0254	39.6	0.013025299999999998	129.567
1140	0.0254	39.6	0.013025299999999998	129.02700000000002
1141	0.0254	39.6	0.013025299999999998	127.84700000000001
1142	0.0254	39.6	0.013025299999999998	126.537
1143	0.0254	39.6	0.013025299999999998	125.10700000000001
1144	0.0254	39.6	0.013025299999999998	123.177
1145	0.0254	39.6	0.013025299999999998	120.60700000000001
1146	0.0254	39.6	0.013025299999999998	116.01700000000001
1147	0.0254	71.3	0.016104	112.506
1148	0.0254	71.3	0.016104	113.796
1149	0.0254	71.3	0.016104	115.846
1150	0.0254	71.3	0.016104	117.396
1151	0.0254	71.3	0.016104	119.806
1152	0.0254	71.3	0.016104	122.60600000000001
1153	0.0254	71.3	0.016104	124.27600000000001
1154	0.0254	71.3	0.016104	125.816
1155	0.0254	71.3	0.016104	126.35600000000001
1156	0.0254	71.3	0.016104	126.406
1157	0.0254	71.3	0.016104	126.82600000000001
1158	0.0254	71.3	0.016104	126.74600000000001
1159	0.0254	71.3	0.016104	126.536
1160	0.0254	71.3	0.016104	125.586
1161	0.0254	71.3	0.016104	123.126
1162	0.0254	71.3	0.016104	119.916
1163	0.0254	71.3	0.016104	115.46600000000001
1164	0.0254	55.5	0.016570599999999998	109.95100000000001
1165	0.0254	55.5	0.016570599999999998	110.491
1166	0.0254	55.5	0.016570599999999998	111.911
1167	0.0254	55.5	0.016570599999999998	115.461
1168	0.0254	55.5	0.016570599999999998	119.62100000000001
1169	0.0254	55.5	0.016570599999999998	122.411
1170	0.0254	55.5	0.016570599999999998	123.09100000000001
1171	0.0254	55.5	0.016570599999999998	126.001
1172	0.0254	55.5	0.016570599999999998	129.30100000000002
1173	0.0254	55.5	0.016570599999999998	126.471
1174	0.0254	55.5	0.016570599999999998	125.26100000000001
1175	0.0254	55.5	0.016570599999999998	124.931
1176	0.0254	55.5	0.016570599999999998	124.101
1177	0.0254	55.5	0.016570599999999998	121.771
1178	0.0254	55.5	0.016570599999999998	118.941
1179	0.0254	55.5	0.016570599999999998	114.861
1180	0.0254	39.6	0.0172206	114.044
1181	0.0254	39.6	0.0172206	114.714
1182	0.0254	39.6	0.0172206	115.14399999999999
1183	0.0254	39.6	0.0172206	115.444
1184	0.0254	39.6	0.0172206	117.514
1185	0.0254	39.6	0.0172206	124.514
1186	0.0254	39.6	0.0172206	135.32399999999998
1187	0.0254	39.6	0.0172206	138.274
1188	0.0254	39.6	0.0172206	131.364
1189	0.0254	39.6	0.0172206	127.61399999999999
1190	0.0254	39.6	0.0172206	126.64399999999999
1191	0.0254	39.6	0.0172206	124.154
1192	0.0254	39.6	0.0172206	123.564
1193	0.0254	39.6	0.0172206	122.72399999999999
1194	0.0254	39.6	0.0172206	119.854
1195	0.0254	31.7	0.017663099999999998	116.146
1196	0.0254	31.7	0.017663099999999998	116.956
1197	0.0254	31.7	0.017663099999999998	118.416
1198	0.0254	31.7	0.017663099999999998	120.766
1199	0.0254	31.7	0.017663099999999998	127.676
1200	0.0254	31.7	0.017663099999999998	136.886
1201	0.0254	31.7	0.017663099999999998	139.226
1202	0.0254	31.7	0.017663099999999998	131.796
1203	0.0254	31.7	0.017663099999999998	128.306
1204	0.0254	31.7	0.017663099999999998	126.846
1205	0.0254	31.7	0.017663099999999998	124.35600000000001
1206	0.0254	31.7	0.017663099999999998	124.166
1207	0.0254	31.7	0.017663099999999998	123.46600000000001
1208	0.0254	31.7	0.017663099999999998	121.99600000000001
1209	0.0254	31.7	0.017663099999999998	117.99600000000001
1210	0.0254	71.3	0.0214178	115.85700000000001
1211	0.0254	71.3	0.0214178	117.927
1212	0.0254	71.3	0.0214178	117.96700000000001
1213	0.0254	71.3	0.0214178	120.65700000000001
1214	0.0254	71.3	0.0214178	123.227
1215	0.0254	71.3	0.0214178	134.247
1216	0.0254	71.3	0.0214178	140.987
1217	0.0254	71.3	0.0214178	131.817
1218	0.0254	71.3	0.0214178	127.197
1219	0.0254	71.3	0.0214178	126.09700000000001
1220	0.0254	71.3	0.0214178	124.12700000000001
1221	0.0254	71.3	0.0214178	123.917
1222	0.0254	71.3	0.0214178	125.727
1223	0.0254	71.3	0.0214178	123.12700000000001
1224	0.0254	71.3	0.0214178	121.65700000000001
1225	0.0254	39.6	0.022902799999999997	116.066
1226	0.0254	39.6	0.022902799999999997	117.38600000000001
1227	0.0254	39.6	0.022902799999999997	120.71600000000001
1228	0.0254	39.6	0.022902799999999997	123.416
1229	0.0254	39.6	0.022902799999999997	129.776
1230	0.0254	39.6	0.022902799999999997	137.026
1231	0.0254	39.6	0.022902799999999997	137.076
1232	0.0254	39.6	0.022902799999999997	128.416
1233	0.0254	39.6	0.022902799999999997	126.446
1234	0.0254	39.6	0.022902799999999997	122.21600000000001
1235	0.0254	39.6	0.022902799999999997	121.256
1236	0.0254	39.6	0.022902799999999997	121.306
1237	0.0254	39.6	0.022902799999999997	120.85600000000001
1238	0.0254	39.6	0.022902799999999997	119.646
1239	0.0254	39.6	0.022902799999999997	118.816
1240	0.1016	71.3	0.00121072	124.155
1241	0.1016	71.3	0.00121072	126.805
1242	0.1016	71.3	0.00121072	128.825
1243	0.1016	71.3	0.00121072	130.335
1244	0.1016	71.3	0.00121072	131.725
1245	0.1016	71.3	0.00121072	132.095
1246	0.1016	71.3	0.00121072	132.595
1247	0.1016	71.3	0.00121072	131.955
1248	0.1016	71.3	0.00121072	130.935
1249	0.1016	71.3	0.00121072	130.795
1250	0.1016	71.3	0.00121072	129.395
1251	0.1016	71.3	0.00121072	125.465
1252	0.1016	71.3	0.00121072	123.305
1253	0.1016	71.3	0.00121072	119.375
1254	0.1016	55.5	0.00131983	126.17
1255	0.1016	55.5	0.00131983	127.92
1256	0.1016	55.5	0.00131983	129.8
1257	0.1016	55.5	0.00131983	131.43
1258	0.1016	55.5	0.00131983	132.05
1259	0.1016	55.5	0.00131983	132.54
1260	0.1016	55.5	0.00131983	133.04
1261	0.1016	55.5	0.00131983	131.78
1262	0.1016	55.5	0.00131983	129.5
1263	0.1016	55.5	0.00131983	128.36
1264	0.1016	55.5	0.00131983	127.73
1265	0.1016	55.5	0.00131983	124.45
1266	0.1016	55.5	0.00131983	121.93
1267	0.1016	55.5	0.00131983	119.91
1268	0.1016	39.6	0.00146332	125.40100000000001
1269	0.1016	39.6	0.00146332	128.401
1270	0.1016	39.6	0.00146332	130.781
1271	0.1016	39.6	0.00146332	132.27100000000002
1272	0.1016	39.6	0.00146332	133.261
1273	0.1016	39.6	0.00146332	133.251
1274	0.1016	39.6	0.00146332	132.611
1275	0.1016	39.6	0.00146332	130.961
1276	0.1016	39.6	0.00146332	127.801
1277	0.1016	39.6	0.00146332	126.021
1278	0.1016	39.6	0.00146332	125.631
1279	0.1016	39.6	0.00146332	122.34100000000001
1280	0.1016	39.6	0.00146332	119.561
1281	0.1016	31.7	0.00150092	126.413
1282	0.1016	31.7	0.00150092	129.053
1283	0.1016	31.7	0.00150092	131.313
1284	0.1016	31.7	0.00150092	133.063
1285	0.1016	31.7	0.00150092	133.553
1286	0.1016	31.7	0.00150092	133.153
1287	0.1016	31.7	0.00150092	132.003
1288	0.1016	31.7	0.00150092	129.97299999999998
1289	0.1016	31.7	0.00150092	126.93299999999999
1290	0.1016	31.7	0.00150092	124.39299999999999
1291	0.1016	31.7	0.00150092	124.25299999999999
1292	0.1016	31.7	0.00150092	120.193
1293	0.1016	31.7	0.00150092	115.89299999999999
1294	0.1016	71.3	0.00202822	131.07399999999998
1295	0.1016	71.3	0.00202822	131.434
1296	0.1016	71.3	0.00202822	132.304
1297	0.1016	71.3	0.00202822	133.664
1298	0.1016	71.3	0.00202822	134.034
1299	0.1016	71.3	0.00202822	133.894
1300	0.1016	71.3	0.00202822	132.114
1301	0.1016	71.3	0.00202822	128.704
1302	0.1016	71.3	0.00202822	127.054
1303	0.1016	71.3	0.00202822	124.904
1304	0.1016	71.3	0.00202822	121.234
1305	0.1016	71.3	0.00202822	116.694
1306	0.1016	55.5	0.002211	126.59899999999999
1307	0.1016	55.5	0.002211	129.119
1308	0.1016	55.5	0.002211	131.129
1309	0.1016	55.5	0.002211	132.769
1310	0.1016	55.5	0.002211	133.649
1311	0.1016	55.5	0.002211	133.649
1312	0.1016	55.5	0.002211	132.889
1313	0.1016	55.5	0.002211	130.629
1314	0.1016	55.5	0.002211	127.229
1315	0.1016	55.5	0.002211	124.839
1316	0.1016	55.5	0.002211	123.839
1317	0.1016	55.5	0.002211	120.569
1318	0.1016	55.5	0.002211	115.65899999999999
1319	0.1016	39.6	0.00245138	127.251
1320	0.1016	39.6	0.00245138	129.991
1321	0.1016	39.6	0.00245138	131.971
1322	0.1016	39.6	0.00245138	133.211
1323	0.1016	39.6	0.00245138	133.071
1324	0.1016	39.6	0.00245138	132.30100000000002
1325	0.1016	39.6	0.00245138	130.791
1326	0.1016	39.6	0.00245138	128.401
1327	0.1016	39.6	0.00245138	124.881
1328	0.1016	39.6	0.00245138	122.37100000000001
1329	0.1016	39.6	0.00245138	120.851
1330	0.1016	39.6	0.00245138	118.09100000000001
1331	0.1016	39.6	0.00245138	115.321
1332	0.1016	31.7	0.00251435	128.952
1333	0.1016	31.7	0.00251435	131.362
1334	0.1016	31.7	0.00251435	133.012
1335	0.1016	31.7	0.00251435	134.02200000000002
1336	0.1016	31.7	0.00251435	133.40200000000002
1337	0.1016	31.7	0.00251435	131.642
1338	0.1016	31.7	0.00251435	130.392
1339	0.1016	31.7	0.00251435	128.252
1340	0.1016	31.7	0.00251435	124.852
1341	0.1016	31.7	0.00251435	122.08200000000001
1342	0.1016	31.7	0.00251435	120.70200000000001
1343	0.1016	31.7	0.00251435	117.432
1344	0.1016	71.3	0.00478288	131.44799999999998
1345	0.1016	71.3	0.00478288	134.47799999999998
1346	0.1016	71.3	0.00478288	136.75799999999998
1347	0.1016	71.3	0.00478288	137.658
1348	0.1016	71.3	0.00478288	136.678
1349	0.1016	71.3	0.00478288	134.56799999999998
1350	0.1016	71.3	0.00478288	131.458
1351	0.1016	71.3	0.00478288	124.458
1352	0.1016	55.5	0.0052139	129.343
1353	0.1016	55.5	0.0052139	133.023
1354	0.1016	55.5	0.0052139	135.953
1355	0.1016	55.5	0.0052139	137.233
1356	0.1016	55.5	0.0052139	136.88299999999998
1357	0.1016	55.5	0.0052139	133.653
1358	0.1016	55.5	0.0052139	129.653
1359	0.1016	55.5	0.0052139	124.273
1360	0.1016	39.6	0.00578076	128.295
1361	0.1016	39.6	0.00578076	130.955
1362	0.1016	39.6	0.00578076	133.355
1363	0.1016	39.6	0.00578076	134.625
1364	0.1016	39.6	0.00578076	134.515
1365	0.1016	39.6	0.00578076	132.395
1366	0.1016	39.6	0.00578076	127.375
1367	0.1016	39.6	0.00578076	122.235
1368	0.1016	31.7	0.00592927	126.266
1369	0.1016	31.7	0.00592927	128.296
1370	0.1016	31.7	0.00592927	130.20600000000002
1371	0.1016	31.7	0.00592927	132.116
1372	0.1016	31.7	0.00592927	132.886
1373	0.1016	31.7	0.00592927	131.636
1374	0.1016	31.7	0.00592927	129.256
1375	0.1016	31.7	0.00592927	124.346
1376	0.1016	31.7	0.00592927	120.446
1377	0.1016	71.3	0.0103088	133.503
1378	0.1016	71.3	0.0103088	134.533
1379	0.1016	71.3	0.0103088	136.583
1380	0.1016	71.3	0.0103088	138.123
1381	0.1016	71.3	0.0103088	138.523
1382	0.1016	71.3	0.0103088	138.423
1383	0.1016	71.3	0.0103088	137.813
1384	0.1016	71.3	0.0103088	135.433
1385	0.1016	71.3	0.0103088	132.793
1386	0.1016	71.3	0.0103088	128.763
1387	0.1016	71.3	0.0103088	124.23299999999999
1388	0.1016	71.3	0.0103088	123.62299999999999
1389	0.1016	71.3	0.0103088	123.26299999999999
1390	0.1016	71.3	0.0103088	120.243
1391	0.1016	71.3	0.0103088	116.723
1392	0.1016	71.3	0.0103088	117.25299999999999
1393	0.1016	39.6	0.012459600000000001	133.42
1394	0.1016	39.6	0.012459600000000001	134.34
1395	0.1016	39.6	0.012459600000000001	135.38
1396	0.1016	39.6	0.012459600000000001	135.54
1397	0.1016	39.6	0.012459600000000001	133.79
1398	0.1016	39.6	0.012459600000000001	131.92
1399	0.1016	39.6	0.012459600000000001	130.94
1400	0.1016	39.6	0.012459600000000001	129.58
1401	0.1016	39.6	0.012459600000000001	127.71
1402	0.1016	39.6	0.012459600000000001	123.82
1403	0.1016	39.6	0.012459600000000001	119.04
1404	0.1016	39.6	0.012459600000000001	119.19
1405	0.1016	39.6	0.012459600000000001	119.35
1406	0.1016	39.6	0.012459600000000001	116.22
1407	0.1016	39.6	0.012459600000000001	113.08
1408	0.1016	39.6	0.012459600000000001	113.11
1409	0.1016	71.3	0.033779199999999995	130.588
1410	0.1016	71.3	0.033779199999999995	131.56799999999998
1411	0.1016	71.3	0.033779199999999995	137.06799999999998
1412	0.1016	71.3	0.033779199999999995	139.428
1413	0.1016	71.3	0.033779199999999995	140.158
1414	0.1016	71.3	0.033779199999999995	135.368
1415	0.1016	71.3	0.033779199999999995	127.318
1416	0.1016	71.3	0.033779199999999995	127.928
1417	0.1016	71.3	0.033779199999999995	126.648
1418	0.1016	71.3	0.033779199999999995	124.74799999999999
1419	0.1016	71.3	0.033779199999999995	122.21799999999999
1420	0.1016	71.3	0.033779199999999995	121.318
1421	0.1016	71.3	0.033779199999999995	120.79799999999999
1422	0.1016	71.3	0.033779199999999995	118.01799999999999
1423	0.1016	71.3	0.033779199999999995	116.10799999999999
1424	0.1016	71.3	0.033779199999999995	113.958
1425	0.1016	55.5	0.0368233	132.304
1426	0.1016	55.5	0.0368233	133.29399999999998
1427	0.1016	55.5	0.0368233	135.674
1428	0.1016	55.5	0.0368233	136.414
1429	0.1016	55.5	0.0368233	133.774
1430	0.1016	55.5	0.0368233	124.244
1431	0.1016	55.5	0.0368233	125.11399999999999
1432	0.1016	55.5	0.0368233	125.484
1433	0.1016	55.5	0.0368233	124.214
1434	0.1016	55.5	0.0368233	121.824
1435	0.1016	55.5	0.0368233	118.564
1436	0.1016	55.5	0.0368233	117.054
1437	0.1016	55.5	0.0368233	116.914
1438	0.1016	55.5	0.0368233	114.404
1439	0.1016	55.5	0.0368233	112.014
1440	0.1016	55.5	0.0368233	110.124
1441	0.1016	39.6	0.0408268	128.545
1442	0.1016	39.6	0.0408268	129.675
1443	0.1016	39.6	0.0408268	129.415
1444	0.1016	39.6	0.0408268	128.265
1445	0.1016	39.6	0.0408268	122.205
1446	0.1016	39.6	0.0408268	121.315
1447	0.1016	39.6	0.0408268	122.315
1448	0.1016	39.6	0.0408268	122.435
1449	0.1016	39.6	0.0408268	121.165
1450	0.1016	39.6	0.0408268	117.875
1451	0.1016	39.6	0.0408268	114.085
1452	0.1016	39.6	0.0408268	113.315
1453	0.1016	39.6	0.0408268	113.055
1454	0.1016	39.6	0.0408268	110.905
1455	0.1016	39.6	0.0408268	108.625
1456	0.1016	39.6	0.0408268	107.985
1457	0.1016	31.7	0.0418756	124.98700000000001
1458	0.1016	31.7	0.0418756	125.85700000000001
1459	0.1016	31.7	0.0418756	124.71700000000001
1460	0.1016	31.7	0.0418756	123.20700000000001
1461	0.1016	31.7	0.0418756	118.667
1462	0.1016	31.7	0.0418756	119.287
1463	0.1016	31.7	0.0418756	120.037
1464	0.1016	31.7	0.0418756	119.777
1465	0.1016	31.7	0.0418756	118.76700000000001
1466	0.1016	31.7	0.0418756	114.477
1467	0.1016	31.7	0.0418756	110.447
1468	0.1016	31.7	0.0418756	110.31700000000001
1469	0.1016	31.7	0.0418756	110.307
1470	0.1016	31.7	0.0418756	108.40700000000001
1471	0.1016	31.7	0.0418756	107.147
1472	0.1016	31.7	0.0418756	107.26700000000001
1473	0.1016	71.3	0.0437259	130.898
1474	0.1016	71.3	0.0437259	132.158
1475	0.1016	71.3	0.0437259	133.808
1476	0.1016	71.3	0.0437259	134.058
1477	0.1016	71.3	0.0437259	130.638
1478	0.1016	71.3	0.0437259	122.288
1479	0.1016	71.3	0.0437259	124.18799999999999
1480	0.1016	71.3	0.0437259	124.43799999999999
1481	0.1016	71.3	0.0437259	123.178
1482	0.1016	71.3	0.0437259	121.52799999999999
1483	0.1016	71.3	0.0437259	119.88799999999999
1484	0.1016	71.3	0.0437259	118.99799999999999
1485	0.1016	71.3	0.0437259	116.46799999999999
1486	0.1016	71.3	0.0437259	113.29799999999999
1487	0.1016	39.6	0.0528487	123.514
1488	0.1016	39.6	0.0528487	124.64399999999999
1489	0.1016	39.6	0.0528487	122.75399999999999
1490	0.1016	39.6	0.0528487	120.484
1491	0.1016	39.6	0.0528487	115.304
1492	0.1016	39.6	0.0528487	118.084
1493	0.1016	39.6	0.0528487	118.964
1494	0.1016	39.6	0.0528487	119.22399999999999
1495	0.1016	39.6	0.0528487	118.214
1496	0.1016	39.6	0.0528487	114.554
1497	0.1016	39.6	0.0528487	110.89399999999999
1498	0.1016	39.6	0.0528487	110.264
1499	0.1016	39.6	0.0528487	109.25399999999999
1500	0.1016	39.6	0.0528487	106.604
1501	0.1016	39.6	0.0528487	106.22399999999999
1502	0.1016	39.6	0.0528487	104.204
